231
166
76
106
527
28
191
576
510
565
268
574
172
55
201
405
391
545
293
7
170
486
169
252
401
329
82
502
123
449
240
452
87
311
414
508
503
127
287
21
248
441
562
479
256
581
384
145
347
0
422
63
496
289
296
126
275
97
560
269
483
185
120
389
411
1
292
444
111
220
136
222
419
267
189
578
432
509
265
53
547
519
549
393
420
388
515
23
37
374
334
564
447
39
404
339
326
277
445
304
237
490
27
294
42
465
206
470
138
588
285
62
283
255
542
142
88
160
161
188
312
488
302
362
456
317
224
459
333
567
154
223
281
544
95
458
431
230
147
448
186
390
284
242
514
26
492
183
54
228
10
342
355
506
50
109
141
505
433
537
84
245
156
131
157
130
226
56
392
357
101
203
495
379
589
553
351
467
566
174
135
110
356
133
451
473
117
525
78
310
6
301
47
511
58
41
331
517
243
573
238
367
196
297
381
194
416
295
96
213
162
178
273
177
4
171
241
98
249
369
572
192
353
309
507
399
279
308
250
89
91
35
307
300
455
216
315
464
322
345
395
460
429
437
124
385
286
320
19
29
151
423
491
396
125
68
481
90
32
530
403
263
197
165
155
591
305
227
394
175
219
430
480
60
561
523
92
372
253
13
104
552
500
471
349
592
251
402
386
261
218
9
207
182
568
366
129
559
163
332
439
298
540
234
59
202
107
382
541
119
453
365
137
70
258
370
359
299
350
209
548
246
176
461
535
164
498
354
264
532
74
528
235
236
400
358
558
73
336
180
30
215
489
270
128
259
71
412
377
257
65
468
134
338
520
204
14
25
518
45
221
435
586
321
229
346
501
415
318
100
272
144
3
262
360
271
102
328
159
80
288
497
260
427
340
557
105
493
122
217
376
425
485
571
77
337
193
426
522
79
61
531
198
529
442
24
168
457
536
316
72
590
51
550
546
533
85
582
484
319
49
278
469
352
569
5
579
212
140
34
466
363
368
15
580
57
583
556
463
407
143
20
387
323
225
132
343
446
341
113
93
314
67
282
43
410
33
46
371
40
413
303
397
52
232
233
428
69
8
66
18
380
239
64
181
291
266
593
443
327
472
325
421
524
149
148
450
477
482
118
208
115
324
543
2
108
114
475
563
16
280
478
152
584
200
247
398
383
521
116
195
417
378
83
276
476
348
375
418
335
31
244
408
167
274
587
146
577
373
434
179
364
424
526
158
22
153
210
494
538
330
38
406
409
48
462
554
344
139
313
539
534
474
512
254
17
184
361
103
86
12
94
121
551
440
187
75
199
173
214
570
513
499
487
555
205
99
516
290
150
454
11
306
436
438
211
44
36
112
575
585
504
190
81